2.000000 0.5 2.386034 1 period_start period_step period_end fixed/free
0.0				initial epoch
0.0				initial rotation angle      
0.1				convexity weight      
3 3				degree and order of spherical harmonics      
6				number of rows        
0.5	1			scattering parameters
0.1	1
-0.5	1     
0.1	0			LS coeff                 
50				iteration stop condidion
10				minimum number of iterations (only if the above value < 1)
5				Alamda multiplicative factor
0.1				Alamda initial value
1
79 0
2456902.166486  9.639666e-01   -2.2236008300e+00 -7.9124798000e-01 -2.4756679000e-01  -1.2735830700e+00 -1.1593587600e+00 -2.4676846000e-01
2456902.342646  1.389307e+00   -2.2228490000e+00 -7.9305028000e-01 -2.4749166000e-01  -1.2717812600e+00 -1.1583112300e+00 -2.4668854000e-01
2457019.113068  6.777926e-01   -1.4123768700e+00 -1.8050153500e+00 -1.6263857000e-01  -1.5088436600e+00 -8.1574887000e-01 -1.6387499000e-01
2457043.779806  1.235196e+00   -1.1724612800e+00 -1.9535500000e+00 -1.3689507000e-01  -1.6785663100e+00 -1.0976072200e+00 -1.3759434000e-01
2457043.853791  4.691448e-01   -1.1717133100e+00 -1.9539523700e+00 -1.3681456000e-01  -1.6789414700e+00 -1.0986688400e+00 -1.3751132000e-01
2457114.803502  1.338473e+00   -3.9570320000e-01 -2.2081655700e+00 -5.2611320000e-02  -1.3821779100e+00 -2.4186949300e+00 -5.1570780000e-02
2457114.979808  6.666608e-01   -3.9366823000e-01 -2.2084502800e+00 -5.2388930000e-02  -1.3795469500e+00 -2.4219983800e+00 -5.1351200000e-02
2457115.053761  1.419714e+00   -3.9281454000e-01 -2.2085691600e+00 -5.2295630000e-02  -1.3784405400e+00 -2.4233829200e+00 -5.1259090000e-02
2457115.229950  1.013128e+00   -3.9078044000e-01 -2.2088511300e+00 -5.2073330000e-02  -1.3757978800e+00 -2.4266788200e+00 -5.1039650000e-02
2457115.303986  1.072381e+00   -3.8992560000e-01 -2.2089690800e+00 -5.1979900000e-02  -1.3746846000e+00 -2.4280626300e+00 -5.0947440000e-02
2457115.480145  1.325822e+00   -3.8789142000e-01 -2.2092484400e+00 -5.1757570000e-02  -1.3720290100e+00 -2.4313524900e+00 -5.0728050000e-02
2457120.306853  1.354042e+00   -3.3203788000e-01 -2.2162026800e+00 -4.5650130000e-02  -1.2956328200e+00 -2.5198924900e+00 -4.4717690000e-02
2457120.482964  6.753053e-01   -3.2999591000e-01 -2.2164308100e+00 -4.5426740000e-02  -1.2927142300e+00 -2.5230607200e+00 -4.4498430000e-02
2457120.556964  1.387946e+00   -3.2913782000e-01 -2.2165261300e+00 -4.5332860000e-02  -1.2914851300e+00 -2.5243906000e+00 -4.4406300000e-02
2457120.733133  1.055610e+00   -3.2709480000e-01 -2.2167517600e+00 -4.5109340000e-02  -1.2885526300e+00 -2.5275532300e+00 -4.4186970000e-02
2457120.807133  1.130671e+00   -3.2623656000e-01 -2.2168460000e+00 -4.5015440000e-02  -1.2873181200e+00 -2.5288802900e+00 -4.4094840000e-02
2457121.057274  5.525208e-01   -3.2333506000e-01 -2.2171622000e+00 -4.4697980000e-02  -1.2831331600e+00 -2.5333600200e+00 -4.3783410000e-02
2457337.984776  7.313772e-01   1.8725053300e+00 -1.1673614800e+00 2.0085776000e-01  2.5329439900e+00 -4.1650632000e-01 2.0058878000e-01
2457357.738523  1.167949e+00   1.9892483500e+00 -9.6496551000e-01 2.1451231000e-01  2.3533619500e+00 -3.7409760000e-02 2.1354876000e-01
2457357.812551  7.335374e-01   1.9896470700e+00 -9.6418651000e-01 2.1455930000e-01  2.3525460600e+00 -3.6166370000e-02 2.1359373000e-01
2457391.541545  9.729039e-01   2.1400191700e+00 -5.9632543000e-01 2.3258409000e-01  1.9197044500e+00 3.7266519000e-01 2.3139006000e-01
2457428.196071  1.170695e+00   2.2303187300e+00 -1.7654223000e-01 2.4421883000e-01  1.4670158800e+00 4.6361755000e-01 2.4421660000e-01
2457428.270087  1.023048e+00   2.2304226100e+00 -1.7568328000e-01 2.4423374000e-01  1.4662738400e+00 4.6348394000e-01 2.4423462000e-01
2457439.952658  8.740506e-01   2.2428466600e+00 -3.9874920000e-02 2.4615270000e-01  1.3621315600e+00 4.3014162000e-01 2.4662915000e-01
2457440.026679  1.212820e+00   2.2429002200e+00 -3.9013480000e-02 2.4616210000e-01  1.3615591700e+00 4.2985994000e-01 2.4664137000e-01
2457440.202855  8.687993e-01   2.2430264500e+00 -3.6963180000e-02 2.4618433000e-01  1.3602015200e+00 4.2918634000e-01 2.4667031000e-01
2457523.250473  1.359662e+00   2.1081874100e+00 9.0519682000e-01 2.3520723000e-01  1.5115327700e+00 7.6426970000e-02 2.3483051000e-01
2457523.324479  7.327417e-01   2.1079014300e+00 9.0599125000e-01 2.3517905000e-01  1.5122669600e+00 7.6465760000e-02 2.3479957000e-01
2457542.328147  7.349957e-01   2.0254128600e+00 1.1057562100e+00 2.2692894000e-01  1.7175286400e+00 1.2799380000e-01 2.2595665000e-01
2457542.504394  1.262582e+00   2.0245649900e+00 1.1075669300e+00 2.2684315000e-01  1.7195426400e+00 1.2887856000e-01 2.2586675000e-01
2457577.732902  1.244745e+00   1.8263173400e+00 1.4515527400e+00 2.0646142000e-01  2.1125662000e+00 4.6492124000e-01 2.0536604000e-01
2457615.954396  1.038531e+00   1.5525436500e+00 1.7777346000e+00 1.7770999000e-01  2.3657869800e+00 1.1580896200e+00 1.7786285000e-01
2457616.028384  8.905943e-01   1.5519610100e+00 1.7783125600e+00 1.7764833000e-01  2.3659620800e+00 1.1596885600e+00 1.7780413000e-01
2457836.833948  1.000333e+00   -6.4503978000e-01 2.3839206200e+00 -6.1232670000e-02  -1.6492621400e+00 2.3188906800e+00 -6.0137920000e-02
2457857.762657  6.669399e-01   -8.5674984000e-01 2.3199095300e+00 -8.4746080000e-02  -1.7791228100e+00 1.9017604600e+00 -8.3965520000e-02
2457857.836455  1.277565e+00   -8.5748444000e-01 2.3196483000e+00 -8.4827820000e-02  -1.7793491500e+00 1.9003249500e+00 -8.4049270000e-02
2457932.216925  7.429375e-01   -1.5388916300e+00 1.9371486800e+00 -1.6121826000e-01  -1.4330762400e+00 9.1539218000e-01 -1.6236606000e-01
2457932.290933  1.384611e+00   -1.5394988400e+00 1.9366565700e+00 -1.6128694000e-01  -1.4324292500e+00 9.1502957000e-01 -1.6243457000e-01
2457932.467065  9.018568e-01   -1.5409432600e+00 1.9354845600e+00 -1.6145033000e-01  -1.4308894600e+00 9.1417208000e-01 -1.6259753000e-01
2457932.541101  1.329949e+00   -1.5415501400e+00 1.9349915600e+00 -1.6151898000e-01  -1.4302422200e+00 9.1381394000e-01 -1.6266598000e-01
2457938.720766  1.215032e+00   -1.5916205100e+00 1.8931208500e+00 -1.6718767000e-01  -1.3764002200e+00 8.8871019000e-01 -1.6829638000e-01
2457938.794829  9.819197e-01   -1.5922135100e+00 1.8926104500e+00 -1.6725486000e-01  -1.3757593200e+00 8.8846643000e-01 -1.6836285000e-01
2457938.970959  8.881362e-01   -1.5936230600e+00 1.8913958600e+00 -1.6741459000e-01  -1.3742358200e+00 8.8789215000e-01 -1.6852083000e-01
2457939.044995  1.258354e+00   -1.5942152800e+00 1.8908849700e+00 -1.6748170000e-01  -1.3735956900e+00 8.8765303000e-01 -1.6858720000e-01
2457939.221155  8.139245e-01   -1.5956237000e+00 1.8896685500e+00 -1.6764131000e-01  -1.3720732300e+00 8.8708944000e-01 -1.6874501000e-01
2458031.296688  7.604794e-01   -2.1811567100e+00 1.1168253400e+00 -2.3507302000e-01  -1.1922028500e+00 1.3201460500e+00 -2.3408406000e-01
2458052.867950  8.496383e-01   -2.2687987300e+00 9.0370845000e-01 -2.4555844000e-01  -1.4269139000e+00 1.4508089300e+00 -2.4510732000e-01
2458083.348124  1.271885e+00   -2.3564408500e+00 5.8870576000e-01 -2.5645393000e-01  -1.9121731200e+00 1.4818574500e+00 -2.5708732000e-01
2458122.814755  1.085107e+00   -2.4036942600e+00 1.6524415000e-01 -2.6334921000e-01  -2.6359699500e+00 1.1310536300e+00 -2.6447125000e-01
2458122.991119  1.432122e+00   -2.4037328400e+00 1.6332975000e-01 -2.6336115000e-01  -2.6390304700e+00 1.1284034500e+00 -2.6448131000e-01
2458123.064951  8.285764e-01   -2.4037485300e+00 1.6252829000e-01 -2.6336610000e-01  -2.6403105800e+00 1.1272911900e+00 -2.6448546000e-01
2458133.245418  8.509012e-01   -2.4032982200e+00 5.1879670000e-02 -2.6376200000e-01  -2.8095432700e+00 9.5840414000e-01 -2.6470891000e-01
2458133.319553  1.379319e+00   -2.4032758700e+00 5.1073210000e-02 -2.6376279000e-01  -2.8107158200e+00 9.5706379000e-01 -2.6470801000e-01
2458133.495597  8.703519e-01   -2.4032216700e+00 4.9158140000e-02 -2.6376455000e-01  -2.8134963500e+00 9.5387469000e-01 -2.6470573000e-01
2458342.561994  1.330404e+00   -1.2814732400e+00 -1.8894443800e+00 -1.4834522000e-01  -5.0957983000e-01 -2.5606187400e+00 -1.4844679000e-01
2458365.240214  1.176418e+00   -1.0520015100e+00 -2.0125215500e+00 -1.2363352000e-01  -8.9725230000e-02 -2.3447747100e+00 -1.2294972000e-01
2458365.314286  4.714795e-01   -1.0512282100e+00 -2.0128819500e+00 -1.2355002000e-01  -8.8551680000e-02 -2.3439182900e+00 -1.2286416000e-01
2458398.547458  1.216588e+00   -6.9117863000e-01 -2.1456318800e+00 -8.4533890000e-02  2.8985180000e-01 -1.9083041700e+00 -8.3568440000e-02
2458438.948229  7.988641e-01   -2.2810404000e-01 -2.2245752200e+00 -3.3984890000e-02  3.6214229000e-01 -1.4179746500e+00 -3.4142020000e-02
2458439.022243  1.155715e+00   -2.2724064000e-01 -2.2246331400e+00 -3.3890290000e-02  3.6195072000e-01 -1.4172809200e+00 -3.4049980000e-02
2458439.198388  4.764242e-01   -2.2518570000e-01 -2.2247697000e+00 -3.3665110000e-02  3.6149101000e-01 -1.4156340500e+00 -3.3830930000e-02
2458439.448600  8.910203e-01   -2.2226636000e-01 -2.2249605400e+00 -3.3345210000e-02  3.6082882000e-01 -1.4133047100e+00 -3.3519710000e-02
2458439.522611  1.157266e+00   -2.2140277000e-01 -2.2250162800e+00 -3.3250570000e-02  3.6063089000e-01 -1.4126179700e+00 -3.3427640000e-02
2458444.025718  4.671186e-01   -1.6880300000e-01 -2.2278003400e+00 -2.7483970000e-02  3.4688695000e-01 -1.3728251400e+00 -2.7815130000e-02
2458444.201889  1.255402e+00   -1.6674317000e-01 -2.2278849200e+00 -2.7258050000e-02  3.4628386000e-01 -1.3713499400e+00 -2.7595130000e-02
2458444.275902  8.114063e-01   -1.6587775000e-01 -2.2279199100e+00 -2.7163120000e-02  3.4602908000e-01 -1.3707320500e+00 -2.7502690000e-02
2458444.452074  8.026395e-01   -1.6381770000e-01 -2.2280019000e+00 -2.6937170000e-02  3.4541929000e-01 -1.3692657600e+00 -2.7282640000e-02
2458444.526135  1.146015e+00   -1.6295164000e-01 -2.2280358100e+00 -2.6842170000e-02  3.4516154000e-01 -1.3686512300e+00 -2.7190130000e-02
2458530.263890  9.349808e-01   8.2259405000e-01 -2.0491801500e+00 8.2133990000e-02  -8.6290000000e-03 -1.4988508300e+00 8.2212020000e-02
2458530.337890  1.128616e+00   8.2340129000e-01 -2.0488406100e+00 8.2224030000e-02  -8.5545900000e-03 -1.4995932700e+00 8.2304920000e-02
2458551.086653  5.108390e-01   1.0444167500e+00 -1.9416815500e+00 1.0693239000e-01  6.6240660000e-02 -1.7252597100e+00 1.0770881000e-01
2458582.742421  7.397725e-01   1.3569545100e+00 -1.7344356400e+00 1.4209649000e-01  4.0045519000e-01 -2.0632157700e+00 1.4306005000e-01
2458582.816467  9.520627e-01   1.3576449300e+00 -1.7338924000e+00 1.4217451000e-01  4.0154145000e-01 -2.0638936700e+00 1.4313713000e-01
2458621.710387  1.250261e+00   1.6895975200e+00 -1.4145127500e+00 1.7992178000e-01  1.1289993900e+00 -2.2693450800e+00 1.7985091000e-01
2458621.784403  6.519172e-01   1.6901665100e+00 -1.4138445500e+00 1.7998696000e-01  1.1306190600e+00 -2.2693837500e+00 1.7991367000e-01
2458637.465249  7.262599e-01   1.8048705000e+00 -1.2676670700e+00 1.9317409000e-01  1.4848524200e+00 -2.2414399200e+00 1.9261910000e-01
2458637.539280  1.267064e+00   1.8053838800e+00 -1.2669559800e+00 1.9323334000e-01  1.4865632200e+00 -2.2411320900e+00 1.9267632000e-01
2458857.958768  9.539505e-01   1.9978610500e+00 1.1644508900e+00 2.2414037000e-01  1.6871759900e+00 2.1074165100e+00 2.2314569000e-01
2458858.032910  1.190863e+00   1.9974841800e+00 1.1652008000e+00 2.2410198000e-01  1.6855539000e+00 2.1077555800e+00 2.2310732000e-01
1 1